-2683 -11355
-13408 -9163
-11827 1372
-8751 12800
-17051 16529
-20818 15669
-14749 32916
-10461 34510
10468 36882
21428 34658
34108 24090
33746 29272
42302 33949
46076 31964
47970 20551
60963 12380
64994 21464
59678 34493
49773 50717
52106 52649
53527 54883
47669 61177
37944 62641
24265 74626
24497 78017
13233 82344
6734 87845
-4316 85846
-2839 78521
4893 78887
4673 67852
5231 64933
-1086 64463
-20076 64885
-21516 75066
-15572 78302
-16123 86385
-23026 87127
-31621 95471
-48551 80155
-61434 78028
-56719 74920
-46117 56924
-43348 48894
-43592 43929
-64453 48433
-69157 59012
-76012 59938
-93807 51484
-100954 53536
-98922 62208
-101806 76905
-100178 86246
-99848 111750
-109726 120605
-104329 122110
-99068 118916
-83916 117689
-82912 117009
-82571 105436
-79538 96696
-71192 104887
-76990 113203
-71982 115652
-59052 114866
-47390 111660
-43300 101583
-32839 108693
-21341 108665
-16610 116734
-15904 111241
-6638 108040
-1393 114953
7627 98275
10854 102722
14659 106419
14091 116360
25094 119223
26103 117759
31989 111982
36112 118166
42901 124711
40498 115333
45720 114769
49506 95982
32799 92906
41263 83709
42812 80508
63636 72939
64240 70159
85518 62030
95863 47414
100001 37872
94018 30342
104368 18444
121204 23917
122729 24003
121551 29527
117911 40230
115170 42495
122864 52720
110749 50444
104370 49816
100486 56476
101216 63387
106972 58665
114193 64443
116544 68592
128261 68794
143164 60958
148409 71446
148205 80907
145024 85271
154092 99400
153547 96415
162554 88566
165565 85197
176235 79259
175459 69654
172799 58130
180010 48708
192939 65169
194791 76448
203570 68010
201115 60618
204717 62729
212599 62137
223475 60727
215293 44277
215480 27426
196029 29669
198329 25076
197997 18180
193269 14491
171872 24479
166349 24912
177261 10960
153246 8875
145431 18165
144315 22943
147196 28350
145107 29992
148556 41440
132832 30774
130586 21300
126340 14673
135547 -8090
128718 -13902
127409 -13305
125128 -27462
125406 -29770
133346 -34686
134158 -45050
131633 -52828
134400 -55475
129774 -58624
129355 -69211
128076 -73957
112596 -60831
105454 -78577
98950 -70372
91769 -66215
92566 -58896
105627 -49323
105270 -34488
96648 -37803
95400 -17198
89916 -15015
77388 -28517
67953 -11406
72359 -4095
59412 -2152
55090 959
48646 9649
39209 4896
48478 1454
47007 -6825
54389 -14161
45083 -18806
44605 -25936
39347 -47849
38018 -48534
40479 -59227
41443 -73706
19364 -69115
17997 -78600
-3910 -96673
-20839 -95895
-44290 -96422
-47763 -108587
-47052 -118786
-42004 -114445
-34030 -110632
-25886 -125388
-27699 -129017
-5859 -124932
7784 -113417
15421 -125068
19363 -123144
29613 -132561
26399 -139170
7425 -133934
-17522 -141934
-15151 -147139
-8662 -149314
-12495 -152499
-7551 -162328
-11010 -169942
-1296 -171538
6406 -172389
17496 -186710
17011 -191199
30532 -176804
35425 -164120
41029 -160601
58797 -158437
68170 -152814
85320 -156363
92197 -142125
99343 -141011
96353 -138273
88417 -132079
69380 -112122
65645 -118312
63368 -122510
57416 -130029
51860 -127046
49399 -125637
49562 -115341
40482 -114549
35976 -104597
57619 -98675
56215 -91536
65960 -83726
67020 -68569
80427 -76380
82745 -84343
89451 -101267
110041 -109594
116762 -100293
135783 -91532
148977 -80054
163409 -87949
157024 -96822
175358 -107702
182379 -115940
186281 -114095
192254 -107083
195293 -100284
189035 -100901
180512 -89208
172553 -90043
173135 -76254
179733 -68137
175219 -57699
162405 -35141
149747 -48228
146747 -31456
155494 -17168
155412 -11974
163890 -11894
170917 -5356
176354 -17701
184432 -26078
192522 -36887
202018 -17073
194739 -11140
204569 -2416
222046 -7444
223445 12017
231581 19161
232656 2235
237476 -9135
239737 -19728
244346 -20523
254671 -1628
254776 15262
261458 6483
271254 7470
271512 18293
273464 16994
276315 16831
283281 28569
298743 21509
303612 9701
309628 -1506
316536 -630
334445 -10941
339990 -11125
346589 -20424
349179 -33375
357329 -28598
365913 -44313
371256 -28382
367484 -25239
360903 -8010
352834 5721
358211 18162
365367 10626
373715 22467
377392 19161
387193 14656
403813 3078
413507 4638
424802 7284
430684 16558
442341 11537
445771 3827
442406 -252
449899 -2302
463297 1883
467710 8085
469019 13350
484399 -1628
478801 -3922
472257 -9294
478394 -13350
495306 -13523
483885 -25736
463535 -24400
458986 -27402
467115 -42182
462573 -55335
463745 -59160
483546 -59314
495106 -81713
490805 -94088
479696 -89400
466652 -81727
466302 -84887
458336 -85987
459336 -71685
448665 -68695
444055 -75968
447017 -77485
450768 -93327
451034 -100460
449044 -106851
449067 -110643
455227 -114555
454818 -119349
468078 -121423
453909 -128650
441085 -118900
434361 -118220
433716 -117456
424901 -125805
409811 -123342
392901 -125181
392792 -111011
392059 -109520
384630 -97494
394917 -79728
404552 -94289
421358 -107979
425163 -108602
427646 -103426
433226 -94773
429991 -85848
421565 -84781
407505 -64756
424871 -67997
430640 -53875
441624 -51825
440200 -29611
442136 -24491
440318 -24902
431130 -11426
423970 -7761
417361 -32440
413534 -35723
413339 -27228
403468 -22873
394303 -13895
386743 -27968
386328 -36162
396192 -44386
395771 -58417
386981 -55840
378741 -70032
374525 -78734
369610 -81702
360623 -79113
360434 -76706
355902 -75941
350467 -80409
347058 -80247
336633 -85773
335453 -75586
335739 -73489
325067 -69112
332617 -53140
312948 -49446
306949 -46665
300351 -52377
295980 -48018
302042 -20671
300393 -17175
282588 -32998
268405 -32722
271014 -19893
258201 -20759
257411 -26228
255432 -27466
255121 -32139
256089 -42121
261485 -50252
257941 -65680
254322 -79586
250142 -85806
246004 -70957
249266 -59878
251156 -54632
235832 -50345
233230 -65506
220986 -69261
225293 -61098
221624 -59217
220949 -56649
213814 -54064
199694 -67678
198682 -70599
198471 -79007
210376 -86180
221176 -79793
227690 -89320
233611 -101419
222578 -104259
205001 -107474
215558 -114916
217324 -134957
238099 -139470
239225 -133842
240052 -129825
257683 -131712
247316 -114369
237229 -117705
234247 -116777
241722 -111475
246945 -98542
264756 -109993
267033 -97208
267425 -93011
270893 -89991
280918 -77492
283254 -67424
282719 -64072
283866 -59667
294349 -64780
300921 -64316
304693 -76939
302605 -92238
324790 -95311
313341 -106011
298282 -100360
297174 -110581
288640 -126719
304678 -123836
316999 -129501
318840 -139629
319927 -140468
334300 -142981
336647 -133335
331607 -127630
332000 -120753
341035 -124067
350737 -105458
352627 -135894
366349 -129027
367660 -128354
368777 -134649
366934 -136424
363996 -151168
371412 -151722
396138 -145932
403481 -136159
413425 -142899
414168 -149262
426258 -153380
435904 -155028
438094 -157347
440968 -156729
468534 -159360
470693 -144988
474711 -144518
479609 -138097
482697 -133866
486775 -127785
496311 -129800
496296 -155957
494819 -158062
495858 -169831
478700 -186471
486346 -192312
495205 -204490
493240 -205399
493093 -210459
486062 -211875
486642 -201253
479300 -194203
476322 -195203
471838 -196187
468800 -192371
460102 -195951
449080 -194712
447743 -209287
450286 -217026
455535 -217366
464092 -216393
458586 -222808
457653 -226741
449022 -227021
449188 -235122
442463 -233532
433421 -231173
423626 -221449
430302 -205216
429004 -194976
432691 -186771
429398 -182584
432514 -170304
410460 -169244
412526 -177316
417810 -187015
409983 -188346
410996 -198588
404113 -199943
394895 -197000
378702 -182580
380230 -192972
381967 -203075
377237 -213815
381002 -219883
385209 -221349
390746 -227420
396131 -227907
407266 -235670
410822 -232628
416356 -236927
420538 -248102
421568 -249026
423645 -237462
428985 -238970
434831 -242805
439792 -251024
461713 -255245
468466 -235840
475700 -221307
479832 -221322
481001 -227933
486484 -229488
493883 -245920
478174 -268520
483505 -273378
469547 -275890
478241 -287879
486089 -284939
492783 -292756
480332 -301585
474324 -299493
460311 -292278
454276 -271212
425705 -277175
428500 -276062
430052 -290924
439620 -307833
441235 -307941
449427 -313508
445084 -317870
439310 -327506
431323 -333640
424292 -344560
414558 -336820
421010 -333983
425656 -333101
423600 -328983
419839 -329913
405910 -308279
394722 -294660
392293 -295835
391387 -295839
384138 -295238
385364 -299514
381185 -305325
380694 -313239
391937 -314272
397200 -327392
393514 -332286
386756 -340687
393613 -351835
392701 -353622
390808 -357186
399781 -357796
394559 -368166
403013 -376932
402681 -382692
401675 -381368
391034 -379063
386085 -367862
379303 -366590
374004 -376571
375324 -381569
371613 -383493
370001 -373985
366188 -371693
359948 -361807
344110 -368295
347894 -374398
334953 -356127
322792 -338229
337886 -339640
348897 -347183
353011 -338051
361694 -339589
364589 -339492
373169 -337889
377527 -334808
382322 -327669
376644 -327801
364381 -316816
359505 -322801
343793 -318370
339370 -320222
346385 -305111
353118 -305258
366117 -302066
364538 -292669
354218 -282889
359237 -270071
357430 -265811
364996 -262583
371868 -275714
384292 -274675
397660 -283791
408504 -272070
396805 -259682
394572 -261883
390229 -254838
380184 -263945
376474 -262633
373394 -260394
373118 -255795
368604 -243780
366603 -242689
366911 -240114
361267 -241025
360441 -229318
367097 -218988
354236 -205412
354305 -200205
362056 -198299
357626 -183145
351899 -185782
347192 -177035
340890 -159325
343059 -165508
325605 -172413
319254 -172579
319042 -179027
316493 -183310
321573 -183086
330746 -194414
333004 -202445
336904 -211051
318959 -213320
317391 -207149
307255 -196593
303867 -197008
300636 -198550
299424 -199477
283039 -193961
281513 -189884
278154 -185246
290934 -181185
278437 -167676
289340 -157196
283161 -146985
262366 -150126
249638 -159995
237140 -172246
231211 -171646
228720 -165538
214293 -157252
211047 -157057
199370 -159925
197383 -172777
194092 -175721
191735 -183703
184058 -161384
172815 -155552
193412 -148320
201139 -147492
198224 -138904
193454 -131604
190881 -123026
177855 -127137
157846 -128724
140238 -127933
130756 -132799
121013 -122795
115763 -128612
119763 -130349
113014 -145583
117769 -149675
114633 -160381
100000 -171950
98724 -178006
98404 -182607
106266 -199290
99012 -200440
94670 -193336
76529 -179926
69627 -194845
52805 -190574
54473 -196214
40835 -209357
39794 -220635
29997 -228026
41951 -234946
41235 -240085
53961 -244842
36081 -251935
37035 -262994
29557 -285497
13115 -288599
12148 -292321
14519 -300033
10152 -309303
5036 -304339
-12516 -296015
-24685 -301990
-26200 -302636
-8213 -311472
780 -314028
8783 -315270
10294 -325357
8210 -340623
8461 -354710
-1183 -362636
-13158 -348467
-6140 -339169
-6210 -331137
-21047 -335447
-28532 -340569
-24993 -347080
-32633 -359759
-18096 -368399
-26846 -390888
-41195 -408723
-25619 -421983
-11751 -425303
-2035 -421682
-15963 -434143
-14894 -451232
-2765 -456959
15054 -457437
12517 -448005
6669 -435538
16526 -427221
23389 -430396
32845 -436333
35539 -419182
40058 -421176
43497 -414419
56321 -411366
61947 -412226
64842 -412438
67445 -410336
75552 -397559
62457 -390127
59446 -382222
58038 -380613
52493 -384376
46027 -387966
41031 -393741
32875 -390434
31092 -401706
15206 -404595
6508 -380178
24720 -366537
35636 -371781
33944 -348380
33722 -340287
32335 -332810
37827 -329477
39478 -320313
45938 -324712
56184 -327360
53129 -334364
50565 -344349
61152 -346546
79585 -343560
90413 -356261
94736 -332884
82690 -328296
72944 -321491
64035 -312722
68704 -295282
90601 -303468
106740 -308574
111602 -304687
116508 -302291
119574 -304943
124085 -321376
126990 -323523
142054 -328388
141067 -334640
130462 -337224
130435 -341752
116705 -337876
116979 -352795
122801 -365839
120484 -371755
123337 -374877
129585 -358032
135630 -360212
149822 -358206
147586 -369772
151293 -394438
166031 -378792
181980 -382214
187798 -376174
175535 -369260
176719 -360916
172922 -354046
162077 -335721
179319 -331621
182312 -323339
183514 -337375
184538 -349949
188229 -340922
199087 -336315
200628 -347697
207396 -356264
216408 -352904
218460 -339656
225310 -324099
230582 -323726
234171 -323547
241642 -328975
248665 -315919
266287 -312028
274838 -293332
283098 -290194
284632 -285109
282051 -281765
287096 -278150
280125 -270762
262670 -278666
259706 -284337
258404 -293568
248044 -289169
246708 -286647
240966 -283782
220258 -280814
189629 -273160
183098 -278038
191897 -292538
193088 -301074
187774 -304135
174843 -310496
157274 -304455
145396 -286898
148113 -274778
143020 -274117
138656 -292048
128333 -304172
124121 -300668
113633 -296387
111638 -287264
111072 -288227
106320 -289025
103116 -283092
98570 -277608
91655 -271180
82239 -263051
87070 -251172
70379 -254737
66955 -250042
66353 -234034
87070 -231597
88853 -231617
92863 -224940
97685 -227827
99665 -246957
109450 -250127
116249 -254512
117668 -256949
122014 -260404
117654 -243618
120685 -235900
115796 -235115
122373 -217788
135092 -215096
139134 -206149
139659 -202168
128364 -199711
138613 -186701
142551 -185773
142335 -181757
151691 -188951
173948 -199727
174137 -202567
166603 -208386
165405 -216315
159073 -217970
157099 -230530
156388 -236302
163323 -257505
186147 -242560
198385 -252979
194934 -245075
196223 -237578
207222 -230048
187833 -207778
189216 -205187
206769 -206308
225021 -200298
222384 -193692
219803 -184521
235111 -190923
237104 -191078
247074 -181839
258988 -185837
264320 -188919
266796 -183969
262123 -190738
259351 -196722
240886 -202864
249359 -225442
236352 -227118
222694 -229612
222998 -228343
228496 -231722
232990 -239915
219307 -249928
225792 -256200
230697 -256180
238546 -265519
237125 -260189
242078 -248865
251842 -247376
259847 -242548
265103 -242646
267935 -242821
271169 -238329
263226 -226110
275124 -224221
275092 -212120
281072 -214828
294788 -225839
304087 -238553
308268 -243839
317823 -233461
327454 -232948
336106 -226750
346499 -229617
335002 -245609
333051 -255628
323845 -248197
322835 -257059
303494 -260493
296087 -280303
291788 -292732
302114 -296218
312102 -305484
308459 -312988
313439 -316950
301045 -330541
288347 -336888
285806 -343958
282453 -341195
265465 -346068
261379 -341120
258264 -332822
241669 -349839
228918 -371226
235992 -371911
225751 -387807
233442 -393396
239247 -398045
255470 -411166
261431 -412661
265324 -392299
272976 -397677
281022 -396749
289059 -400460
278079 -384857
264579 -375406
278797 -368999
280140 -365865
292971 -360883
308953 -358160
312958 -361742
304479 -367153
292320 -369038
292856 -373255
295029 -379181
296143 -388768
307810 -380328
311262 -386494
315634 -391937
305906 -403415
303841 -416590
302127 -417472
297640 -423203
295045 -441870
297787 -444991
323671 -449573
323021 -455148
336062 -453317
339280 -440240
335233 -432462
322362 -417106
325028 -406668
340597 -410698
342991 -418926
357064 -404756
362838 -401558
364508 -413904
366294 -431957
366600 -435219
378231 -433757
389248 -418800
387114 -412915
379189 -409607
379968 -398919
387603 -395055
393670 -398449
402450 -403640
407170 -404489
418392 -391742
424649 -383911
420372 -383030
428898 -379805
430985 -388967
424049 -395715
418146 -407053
424693 -412355
435632 -416939
444522 -422542
453807 -420625
460628 -425108
451258 -433554
455114 -445914
466954 -458702
469854 -454840
469025 -451366
475198 -448272
480895 -446319
479371 -428093
481488 -414067
472223 -406305
450839 -409892
453690 -400435
446492 -397052
451306 -379231
463326 -384152
467752 -377524
456848 -364077
435216 -362851
435269 -354122
444801 -353145
466592 -358318
461352 -346620
466017 -343571
465858 -338244
468249 -337151
458567 -322815
467859 -317620
468883 -316636
477388 -318088
480406 -316634
487100 -326520
491250 -327907
480748 -332190
482455 -333636
487651 -339371
495807 -349607
487664 -353216
481185 -348805
479866 -367733
487055 -366636
489835 -375492
497986 -398291
493751 -399618
493436 -404626
499325 -410747
496812 -431292
495335 -432204
497840 -474079
497580 -491091
479870 -475125
470215 -489504
468165 -482263
461998 -471025
449310 -471547
459945 -480076
461165 -485083
462674 -499613
460033 -497414
448436 -496653
441857 -485233
435803 -491690
426518 -485672
437538 -474945
437102 -465126
435230 -455745
428985 -448344
417350 -438964
404749 -451433
404373 -458793
408169 -474434
405007 -484295
396669 -480580
403690 -492926
398216 -492303
392177 -496433
385615 -487993
381192 -490543
366684 -490478
373947 -481830
371842 -479098
362793 -472813
362395 -467402
375767 -456143
354818 -450158
351643 -449055
348322 -458343
351293 -463324
343614 -461241
325988 -468532
328044 -475279
343055 -478359
351871 -481815
338205 -494751
334003 -494967
315529 -485035
303149 -486671
298967 -497148
295263 -484702
302168 -469996
296621 -460726
285868 -465796
267596 -450856
261960 -471882
271141 -475777
256369 -491062
249561 -493136
245719 -490775
240004 -486806
227772 -497691
230892 -490644
225501 -487738
213386 -480367
249448 -461048
236640 -446436
235202 -419452
230378 -410990
222061 -402314
220531 -395062
214763 -403755
213957 -404253
207805 -410042
194727 -404895
187285 -392675
182356 -400327
172347 -400517
170535 -412791
170221 -422604
188350 -427901
196080 -422467
203883 -432604
195136 -443917
186998 -457427
191166 -469955
195802 -469250
193799 -481974
192047 -491649
178989 -490506
160380 -470140
159775 -469319
149790 -454231
130053 -468556
129354 -472506
140287 -483100
141133 -487990
115870 -499593
100970 -491921
106983 -481267
94370 -472759
92580 -472751
102502 -464972
108515 -468775
123405 -459716
116622 -462912
108356 -453659
92471 -444570
109977 -439289
118261 -439897
123286 -441989
122050 -431260
122584 -423282
130732 -426059
143870 -425423
139350 -421301
127935 -415284
128579 -405571
118275 -412067
117760 -406317
118059 -399435
108811 -394591
104834 -389417
90185 -396340
87763 -392218
96825 -410313
98130 -422784
81753 -425383
65276 -434866
74429 -446048
70776 -445736
53524 -454577
49095 -460356
44234 -467995
49406 -473396
66997 -471091
76326 -468429
69602 -483878
75755 -496483
61019 -484838
50640 -485777
49399 -497493
33545 -497883
25611 -491381
25784 -472817
20813 -482506
13696 -484137
11507 -496793
-7046 -490853
-4590 -480364
-27473 -481479
-36963 -478429
-31892 -469224
-43527 -470780
-58666 -470474
-62539 -474805
-70101 -494265
-85568 -494586
-79690 -473592
-78358 -448533
-76734 -451052
-72357 -452251
-64453 -442796
-49324 -452007
-42758 -449390
-52196 -441869
-51591 -433067
-46896 -417374
-51203 -417580
-49048 -411854
-50170 -411376
-55566 -398499
-54562 -390622
-57212 -385497
-52509 -371762
-47934 -367904
-52749 -358995
-49364 -341997
-46404 -332078
-40765 -336378
-35283 -332807
-36775 -327332
-27229 -324633
-40371 -315637
-51427 -311616
-48494 -301822
-50079 -297275
-55403 -290880
-57268 -303059
-61745 -302894
-69373 -315918
-80510 -316599
-81482 -321273
-87885 -324105
-83238 -325200
-64679 -339512
-62400 -353518
-67493 -351075
-65744 -366468
-64328 -372247
-67382 -375590
-71743 -376557
-77486 -363557
-86061 -352487
-108721 -361807
-103744 -377478
-95119 -378125
-77309 -378035
-77895 -385124
-73494 -386210
-70075 -408776
-78776 -397338
-83968 -399926
-91079 -406318
-96771 -405648
-94496 -411888
-94409 -425513
-101678 -446293
-94328 -462059
-104177 -462511
-120799 -469106
-135209 -482184
-142125 -486075
-156942 -489989
-154990 -470799
-148259 -468243
-124748 -446564
-120278 -433081
-126799 -433061
-139919 -433664
-148844 -442895
-154146 -437946
-155866 -430003
-156270 -429327
-165794 -422341
-164832 -414631
-161161 -414950
-156638 -415663
-142172 -415186
-127275 -416202
-126287 -409306
-123632 -402682
-111150 -410773
-103131 -406869
-103191 -406198
-105374 -403326
-106839 -395495
-114596 -395066
-123177 -392720
-133073 -371928
-143719 -366651
-145591 -365043
-141513 -343285
-153935 -337805
-159473 -335565
-174938 -328584
-182521 -322651
-187289 -324787
-184499 -311449
-188352 -307242
-190824 -312514
-203721 -326507
-202873 -335758
-219496 -335593
-215006 -346476
-206054 -351082
-192676 -346701
-191885 -347135
-179634 -370229
-178402 -386681
-176132 -391124
-188672 -395134
-194823 -397351
-201127 -405972
-215903 -389474
-207971 -379162
-199796 -380529
-196019 -375647
-194930 -366945
-208651 -358850
-223976 -355185
-235034 -359113
-235950 -373088
-231522 -378742
-236235 -383711
-238692 -395349
-250254 -407983
-249404 -411263
-245375 -416886
-248274 -421002
-256601 -427081
-241030 -439745
-242060 -443786
-230018 -447904
-216330 -436116
-196546 -444094
-192855 -444582
-191408 -437057
-179809 -421886
-173842 -434368
-177379 -451959
-189272 -450925
-202362 -457071
-202698 -460801
-189681 -472306
-205375 -487170
-212103 -488145
-234629 -498299
-255470 -483299
-254610 -475629
-250609 -464630
-268818 -446413
-278163 -461912
-283272 -462941
-284083 -469325
-284152 -480524
-290560 -495083
-305762 -478375
-311969 -481157
-322107 -488131
-336321 -474618
-344426 -470075
-336268 -467125
-323747 -464928
-314664 -467561
-317367 -456379
-309744 -438451
-302785 -440346
-293354 -440176
-297725 -423706
-295755 -406559
-292303 -401859
-288678 -416069
-279202 -428636
-273648 -407948
-275874 -398530
-276397 -397925
-270918 -384933
-255095 -383670
-260210 -370175
-274383 -362168
-271509 -356375
-292750 -346524
-287153 -333391
-285376 -331260
-299023 -320130
-305637 -324594
-312785 -315644
-326569 -318518
-326349 -332890
-325753 -335539
-323142 -338688
-317617 -345008
-307551 -343480
-299655 -349806
-309328 -357388
-330691 -354219
-339187 -350490
-348939 -349524
-355023 -350885
-355977 -366163
-357041 -377723
-343429 -369840
-345102 -373971
-339554 -382223
-349095 -392541
-361241 -389946
-369719 -378132
-371887 -378542
-382433 -382240
-388124 -379920
-403344 -391830
-382869 -402131
-367634 -403703
-357096 -411388
-355031 -408478
-347272 -413916
-339161 -397749
-336321 -397401
-321418 -392324
-323731 -398497
-327289 -410718
-328842 -420505
-337204 -431606
-338761 -434572
-349648 -432852
-357688 -447493
-356245 -459586
-364184 -460245
-374379 -458028
-377843 -461840
-373391 -462441
-362889 -480569
-368320 -494754
-385109 -476315
-388409 -474148
-406011 -460706
-415384 -472090
-426729 -477296
-429454 -469248
-431744 -470697
-444312 -482990
-443583 -497179
-470486 -481009
-475824 -486256
-483875 -493867
-493709 -479667
-492723 -476457
-489138 -474683
-485583 -478961
-499042 -445107
-499263 -432468
-488442 -443680
-479239 -444552
-468907 -447939
-470877 -449297
-464603 -439436
-460920 -446864
-457344 -450831
-458397 -459603
-444762 -463148
-443429 -441507
-423300 -436499
-421564 -453789
-407379 -440403
-389152 -438744
-377206 -428989
-400309 -421688
-413177 -419031
-417366 -414456
-422630 -417944
-421398 -410625
-426157 -405234
-443010 -416777
-444359 -400317
-446171 -410409
-450514 -420423
-463578 -425122
-468246 -412441
-487887 -397681
-491734 -383185
-491849 -381114
-488999 -367534
-477919 -379058
-472864 -380445
-473025 -387870
-463040 -381046
-448979 -381670
-442562 -374049
-442232 -370684
-449787 -366183
-459576 -366928
-449993 -356350
-444271 -344352
-450314 -345368
-467995 -343465
-473190 -340298
-472576 -328664
-474251 -327389
-487398 -316946
-480668 -305527
-478224 -286349
-458121 -290725
-458239 -299625
-464015 -300443
-472493 -308088
-463851 -309538
-453389 -321516
-435755 -329359
-428579 -323346
-427234 -339240
-429605 -365066
-417882 -365971
-411302 -356983
-403100 -340196
-387645 -340238
-385458 -343117
-383586 -352353
-380093 -347206
-378853 -332276
-386254 -329054
-401850 -325360
-410774 -322850
-402407 -305170
-415853 -312354
-425474 -290227
-429693 -280789
-428579 -279914
-423062 -282808
-411088 -291325
-413431 -280200
-414184 -265742
-409890 -260210
-412388 -260154
-417838 -247100
-420131 -246773
-436991 -258015
-445249 -254236
-450422 -258564
-453204 -245599
-468911 -246055
-479970 -240669
-483809 -242342
-486787 -254432
-495345 -240838
-486345 -237474
-488507 -211574
-478820 -228280
-467135 -233743
-451957 -222232
-442682 -223575
-441769 -226592
-432683 -227795
-427026 -219591
-425145 -236121
-414308 -231051
-409169 -221471
-412072 -211137
-408234 -209090
-405147 -215278
-386066 -207808
-390810 -204645
-380141 -192196
-377424 -188233
-368036 -188727
-369206 -186713
-370898 -185485
-383835 -181596
-389892 -158702
-408077 -181179
-417553 -186296
-429474 -190256
-435500 -183929
-427009 -174126
-419589 -177753
-412237 -170280
-414550 -156088
-428970 -155166
-443073 -149052
-439535 -126990
-442514 -121756
-456311 -116806
-464285 -133774
-456319 -139264
-465391 -155270
-463785 -168319
-452150 -173422
-462678 -186416
-480126 -188741
-485138 -175368
-473918 -168655
-476605 -158140
-482270 -143655
-485532 -142286
-489279 -145322
-494853 -135960
-499981 -112433
-498722 -91123
-496903 -83638
-478211 -90788
-476863 -73878
-462272 -72476
-457370 -81988
-457388 -84864
-453281 -94321
-430956 -101823
-426715 -104903
-415980 -117282
-409825 -116241
-406609 -125775
-383413 -132815
-366069 -146475
-362675 -132960
-359328 -133102
-344565 -136032
-336676 -121849
-331318 -127568
-331799 -140547
-330070 -143062
-325142 -143427
-342302 -153205
-343217 -154563
-344811 -156200
-354568 -170070
-360459 -174019
-355233 -177947
-352893 -176978
-341435 -191063
-354124 -203337
-335509 -208407
-328850 -206363
-328122 -201365
-321113 -199832
-306451 -194806
-318324 -212260
-324754 -220920
-324007 -229424
-337513 -232425
-344084 -233228
-355191 -236983
-356740 -226365
-366934 -218459
-378395 -211093
-382188 -219147
-391666 -225917
-398388 -242072
-399724 -263874
-391011 -268410
-384644 -255226
-376617 -251537
-375748 -265973
-375943 -275384
-376420 -292498
-363109 -300307
-374010 -313461
-357396 -311674
-352543 -331364
-342955 -330518
-339165 -309542
-344982 -305402
-341763 -292803
-336123 -271381
-339827 -271177
-345965 -268699
-355804 -265421
-341245 -253273
-332218 -252100
-323461 -251780
-326997 -266405
-318794 -270622
-323290 -287958
-324543 -296477
-317326 -301606
-313601 -298267
-311958 -290181
-303474 -287177
-303022 -275578
-308539 -271130
-306210 -265642
-299189 -258646
-284093 -278047
-295116 -292910
-301373 -295928
-291784 -310717
-284813 -315344
-280548 -308839
-279871 -302201
-270353 -297551
-261201 -293693
-259728 -292985
-253762 -322938
-220344 -308519
-213258 -310048
-212984 -305778
-204511 -295439
-220198 -290376
-235625 -289730
-255168 -272430
-252035 -263171
-256385 -256627
-268499 -256118
-256361 -249121
-259470 -239915
-269183 -240494
-265718 -230131
-292486 -231612
-286457 -205873
-280567 -202495
-276695 -198644
-269486 -198290
-268475 -204596
-269400 -193365
-265773 -191666
-262560 -187909
-260068 -173295
-264417 -159698
-279488 -173232
-294301 -179809
-297627 -163245
-286037 -153409
-282337 -149570
-292732 -146640
-302457 -133890
-309931 -120424
-303298 -113786
-314301 -108620
-315811 -98661
-336247 -87325
-343144 -86558
-355587 -97278
-351451 -100701
-350854 -100400
-347207 -109956
-347279 -112977
-348378 -118839
-360931 -111850
-364439 -108490
-380194 -109289
-383544 -111932
-379948 -104570
-383464 -96413
-383181 -94022
-377820 -74830
-364516 -64551
-356105 -55246
-353377 -55147
-349300 -65409
-322538 -71669
-322053 -66019
-320307 -64229
-305551 -58120
-313144 -45772
-299424 -43268
-295044 -47181
-292761 -28488
-286969 -25457
-287360 -20044
-274824 -20423
-270468 -16637
-264783 -2328
-249166 -1366
-233035 -1824
-223835 1368
-228463 11382
-254685 19615
-258186 22460
-258275 26432
-257124 25410
-248336 52745
-263306 57944
-260922 67847
-258463 82457
-235830 83468
-236669 105044
-241746 108622
-249639 104648
-263857 112507
-263142 108386
-259210 102336
-257066 102984
-255993 93724
-265152 95158
-289006 100143
-287931 101642
-293494 112271
-294095 120086
-284653 129720
-282196 126426
-274957 130943
-264382 126115
-252878 131321
-255385 138593
-271375 143269
-278285 147625
-281943 144708
-294042 148242
-299161 143814
-313336 134192
-309623 124684
-321227 119525
-320090 116012
-313402 102500
-308927 87404
-306028 79949
-297264 73257
-300248 69890
-291268 57913
-299631 56731
-310397 62331
-327674 62625
-339719 61569
-354028 68786
-354780 84473
-339040 94967
-349161 102277
-355333 112676
-372031 105747
-370441 93635
-377016 79644
-393315 89231
-407192 96804
-409613 98512
-410547 100463
-413154 98087
-416986 94611
-413288 89803
-414593 67495
-408023 57520
-397411 61726
-391137 49544
-392725 49593
-401930 36142
-408553 34132
-419477 36951
-433929 38653
-423735 28880
-407643 17848
-399923 15490
-400426 -7972
-388264 4165
-370988 -2639
-362271 -1053
-357668 10669
-373073 25944
-350712 44012
-333611 39470
-333303 39222
-330292 43932
-329551 47706
-321431 32789
-326945 31915
-326589 31214
-333074 26901
-337348 26603
-340894 28036
-341588 20056
-347681 17011
-346262 9201
-323157 15175
-315771 26617
-304028 22027
-298014 17707
-287018 12743
-278696 181
-291701 -2734
-312127 -4286
-317854 -4363
-322338 -20825
-320444 -29657
-347041 -32810
-347988 -21139
-352895 -23599
-363087 -24943
-361998 -37690
-392478 -42372
-387704 -58318
-396523 -72264
-405599 -71393
-422718 -78521
-435988 -76681
-437100 -64219
-420235 -61910
-416919 -64856
-412124 -56709
-416428 -40945
-419724 -40238
-423124 -29847
-420397 -17037
-428470 -20156
-425802 -13073
-433379 -15364
-434989 -9498
-430234 -8339
-424300 871
-433660 -1661
-438996 -1708
-445783 8589
-455738 -7131
-454031 -11659
-452372 -27292
-450975 -31504
-451121 -31802
-446032 -40880
-447402 -50689
-467994 -54889
-488703 -53307
-478458 -30326
-479661 4763
-482228 5394
-488513 6270
-493311 12095
-496868 22979
-496071 27428
-489743 23980
-484409 21106
-483343 17702
-479815 17515
-477637 11189
-471898 4957
-467471 9134
-461271 30739
-466329 51272
-470462 42003
-485602 37570
-496506 66427
-481621 70989
-483427 81625
-490918 80873
-491864 86833
-475359 92391
-482834 104174
-493256 97767
-496522 105254
-498598 119423
-491240 136731
-499826 150229
-471231 138218
-466430 144343
-463538 142285
-459292 142150
-460085 130195
-451043 121753
-446535 118904
-448308 110596
-450351 93389
-457669 93739
-466706 87366
-458322 76164
-457222 67808
-446309 72064
-444824 78531
-432225 90998
-439908 97817
-435888 111915
-434297 112241
-426542 111570
-413103 123164
-403941 122579
-387972 119886
-369092 124549
-362127 125798
-345941 129898
-342493 120565
-337034 129455
-331334 142866
-319661 162228
-315531 169019
-312252 176692
-302538 173779
-283662 167536
-276191 166857
-281467 179770
-293356 189397
-292460 202945
-304263 213918
-298993 219489
-297088 228545
-287758 227183
-287553 217309
-286551 208498
-270083 203431
-257939 207024
-272052 223319
-256912 231966
-264512 234840
-256602 254322
-257910 252175
-261166 253401
-271133 256751
-275823 246384
-283113 239927
-284968 246366
-284082 262746
-294948 266327
-301119 268499
-294596 283037
-312132 299033
-321069 295926
-300468 314213
-316819 311253
-325798 313853
-332442 330537
-346124 343790
-341351 345554
-323021 356832
-315827 365404
-314457 365974
-321975 379913
-329083 381280
-334436 382007
-337091 375942
-346713 385069
-358400 386094
-365543 382995
-370397 380404
-368558 368496
-367767 372363
-363186 372258
-355689 364384
-356991 350985
-368633 349967
-379882 353039
-386149 348025
-396808 338742
-395846 328951
-398629 325938
-403267 321875
-416935 315674
-421030 304664
-430168 294698
-442587 305142
-449808 293183
-452590 277001
-440078 264596
-439842 261700
-436399 245562
-446514 246148
-441509 236984
-450592 213654
-424233 201622
-415404 204789
-412078 208038
-406070 208456
-398201 223825
-397282 224557
-393914 227174
-391236 226942
-390035 229046
-387922 227333
-386681 234075
-395701 246264
-399151 246635
-406775 251517
-409828 252899
-414680 250416
-417790 263205
-420242 268656
-420532 273559
-408137 279518
-403741 269552
-398444 268790
-398671 281706
-390822 298397
-389117 299175
-381464 299553
-367309 300262
-367394 293192
-360176 312172
-340812 309880
-350091 295157
-341231 284599
-324861 274809
-331073 266620
-330605 254406
-348656 256051
-358522 250612
-355096 269803
-357671 274725
-367561 282094
-366517 273278
-377985 265474
-383004 256733
-368846 233565
-368645 226882
-353810 225527
-364589 211673
-376384 217029
-386782 213850
-389935 201512
-377110 201557
-375546 198440
-366198 197831
-363399 195088
-362634 184434
-359251 189743
-361571 201040
-347920 203070
-344684 210004
-336546 219143
-322399 203475
-334631 184054
-346108 181049
-355078 178889
-356350 176538
-364905 165489
-365814 162641
-358049 152303
-363934 152807
-377136 146169
-388985 149481
-382576 158150
-383376 162562
-387728 163037
-380465 176634
-390852 177185
-393854 169999
-400278 162604
-402174 157360
-400376 149137
-411635 136939
-414592 144371
-416609 143862
-431798 144809
-438487 134468
-443759 136535
-437922 159593
-427080 157516
-411365 161617
-404860 182951
-401642 185706
-433813 183780
-448998 174726
-457915 168204
-458079 173028
-463613 180203
-459005 192609
-480408 186972
-491101 188386
-481127 205972
-492222 219839
-495377 248490
-493686 263441
-487615 256716
-473401 255437
-467665 256224
-458839 262575
-477573 266545
-470148 275153
-469741 283648
-483840 290987
-488036 302439
-476311 320666
-485101 337334
-478041 343243
-482390 346761
-478067 353592
-480830 362539
-497039 381531
-479067 383925
-475168 386715
-475012 397700
-498386 414092
-495104 414233
-486737 418753
-482391 421174
-485736 442378
-481971 455070
-482950 456398
-484174 460677
-491253 455353
-493586 467090
-489979 480826
-486656 492145
-495834 497142
-486559 496880
-472078 487352
-470225 476470
-450758 482080
-453587 474369
-456630 471667
-450987 464714
-452572 461683
-442945 459202
-448570 440951
-457646 440828
-458920 417692
-465724 419085
-465386 408707
-448732 412306
-444273 403610
-439335 396842
-440910 406079
-433785 421525
-412806 429158
-417322 442959
-411343 440650
-398517 431780
-397866 422111
-404476 418148
-406756 420459
-411758 417100
-421630 410364
-412300 401403
-419507 385779
-428667 369335
-430682 369297
-443963 379054
-452869 356156
-462462 334161
-449345 325699
-444254 331181
-437425 337282
-433692 345567
-429256 346554
-414860 345155
-419076 357326
-417468 364740
-402424 379790
-404505 368721
-403646 364641
-400564 358683
-392234 357066
-380634 363573
-386826 373155
-382641 376693
-387944 395047
-381741 395101
-378970 400630
-383199 407385
-383647 411886
-370065 434524
-373509 417507
-369840 403309
-361954 407289
-343535 407466
-331291 406852
-334207 414692
-335446 417585
-347058 417197
-350328 419580
-344461 430528
-341390 448739
-353921 453753
-380642 461547
-385762 464226
-392714 450753
-401356 467281
-399613 473159
-404248 472389
-407275 474020
-415394 464886
-415251 475087
-417833 483270
-417696 489342
-411114 493154
-385038 489181
-378441 497946
-376289 482713
-374043 478531
-365865 486440
-351760 494268
-348998 483534
-346976 482637
-346808 481597
-334279 495526
-324621 491297
-322338 488399
-319690 483016
-300761 487893
-285856 488434
-276605 491022
-267361 493743
-250500 493437
-235171 491397
-235199 486368
-234062 478785
-225874 498526
-225455 499465
-215487 494199
-211052 485942
-211002 479180
-206700 477038
-203561 485371
-200172 487011
-192221 477274
-192929 491585
-192802 494946
-187902 497460
-177932 495167
-170500 499199
-164314 488830
-172079 476229
-178433 467858
-178982 455254
-199179 456453
-212735 457545
-212825 469569
-216992 477421
-224923 469765
-235597 465654
-247607 458968
-243586 447593
-248018 443705
-261133 430482
-272539 444888
-279651 442726
-292093 450377
-294616 454703
-299053 463795
-303730 461716
-302315 452973
-307880 451364
-301373 446950
-298538 445197
-297665 440400
-300236 426613
-304674 417134
-289518 421255
-279167 422933
-273072 425891
-256029 414264
-267909 413404
-270983 404778
-276067 412420
-280800 417038
-290565 396081
-281312 389970
-282012 370675
-258434 382684
-252478 387864
-249408 384096
-233758 384216
-236878 401665
-239811 413528
-239061 421731
-225066 435474
-224352 421981
-221904 416617
-219355 404088
-200720 400722
-194498 386736
-197557 379318
-201962 375360
-188194 364366
-188505 354150
-188867 352907
-200885 345404
-196802 332850
-185134 330093
-189165 314528
-191195 308868
-204488 327408
-206209 337332
-212461 335890
-215787 331962
-220084 349027
-227895 348625
-236235 338974
-239354 353314
-239015 361020
-242406 368186
-239899 370595
-252381 370105
-257505 349282
-267132 350097
-272572 352024
-279656 343886
-266169 337341
-272802 328754
-283417 333378
-283316 321305
-280065 313667
-273479 313113
-269616 307204
-260414 320298
-242437 311855
-238083 299855
-258172 288211
-243995 271663
-241322 275445
-236981 283201
-229163 295466
-206443 276851
-214634 257942
-210638 262461
-199829 267453
-195178 282128
-191227 281829
-177928 283899
-167233 282050
-147542 280806
-156070 291437
-170011 298432
-169423 306133
-172232 306249
-175698 315777
-170857 317359
-160985 325488
-151098 332318
-152716 311161
-146595 312106
-142603 296615
-134916 295353
-138682 306122
-124334 315373
-130122 327919
-135364 340110
-150223 344053
-159587 347537
-155791 353037
-145531 357583
-150260 374008
-167105 392138
-173113 393879
-162471 406471
-165949 413683
-170483 416712
-185668 409556
-182365 407747
-187044 422312
-196184 428239
-194290 437835
-180742 441714
-177551 430019
-166750 444502
-161104 439597
-159089 427470
-158223 422235
-149171 424255
-142020 416628
-136330 411506
-140593 407854
-149244 406113
-141949 391996
-132883 397551
-120115 407000
-108421 429502
-103056 414898
-84350 415471
-64397 420482
-56889 422981
-64355 437183
-76991 454380
-81633 453275
-83569 453259
-88215 461016
-89513 463944
-90780 464105
-98959 455852
-112941 456574
-126042 458561
-136202 461312
-144916 452111
-134672 464150
-136323 472213
-145848 472255
-145631 473878
-152888 479239
-149011 490740
-154431 496540
-134160 497773
-131681 491706
-106450 496936
-103657 475922
-85558 471046
-76183 474934
-79697 483887
-74587 494556
-55837 493403
-60644 480390
-60711 479278
-61229 477384
-27368 452944
-25987 434405
-34357 434847
-32792 427802
-34474 416673
-24804 412088
-27698 401491
-22671 399691
-22163 399424
-10793 404077
-7864 401994
-15953 386313
-15361 379957
-7077 382231
3353 376326
6601 366821
20116 366480
19461 359117
32331 357750
28195 365842
27002 372001
30301 374108
37065 376811
44744 390879
51530 420206
23372 415475
14977 411751
20748 399761
13322 401488
10774 406659
6557 403309
5230 412167
-3195 427371
-2768 440984
7091 459323
-6254 479988
-22940 475989
-12615 491150
6686 491546
9241 499793
12640 495552
33940 483610
34355 478708
36011 478497
31387 460512
42751 457571
43895 453629
39175 443716
56390 449864
66772 449622
72439 437873
78660 451423
73623 456468
81550 463442
73828 469299
66243 461601
63002 470283
58252 461604
53298 459302
51161 469708
46637 477193
48204 480117
48905 498707
62375 491484
89454 499592
79237 483115
87859 477557
82751 473454
87355 470087
96033 470246
91284 459916
96307 458772
98994 447748
93525 446269
87743 438829
85609 439785
85114 437053
87207 433790
83781 425186
71363 415006
77036 412552
79856 407472
74475 401656
83251 392515
100143 387836
105534 386818
101592 369514
92597 375357
88788 369206
73274 375608
67466 372355
78405 356310
91204 345080
102448 353409
100788 334658
100388 334459
100511 320897
102290 320951
108610 326259
115096 318728
110038 305096
121660 308461
128004 309983
131010 305598
133106 308548
133682 321533
137489 334319
126148 337276
126145 358445
132060 370206
129914 373575
134362 376002
136493 373570
137749 375612
134606 391215
117256 403032
110503 408258
117113 419307
120179 422694
130005 411140
131884 403760
142200 402075
145643 415545
147346 413950
158343 410004
154811 419749
162147 427801
176061 429514
178872 429813
179654 439315
185500 440797
193266 440007
188282 443417
181296 454876
174619 454155
156722 450644
153884 439367
143042 434064
140105 438787
138825 458402
138170 465129
130438 458527
119003 456807
122621 465936
118412 491356
134093 491842
139461 488138
143388 486261
173452 495301
169867 472120
173777 470980
179402 474811
190005 470218
190220 475631
189804 481099
209017 476040
221912 455310
231803 432773
235607 434857
232297 437008
235114 466394
228726 482843
242600 478694
252320 490304
251848 497395
269921 485235
259640 466975
265785 447730
276397 439502
283891 439849
288767 439923
280112 460096
282778 465713
283651 464954
292899 469858
292559 479101
290744 497372
290950 497891
302981 494994
313906 488298
315282 484474
309201 477149
307775 471593
305219 463373
310734 449432
313119 429300
302044 426752
309673 414309
309360 401551
297969 393827
277266 384246
275054 386272
267074 387061
265794 396323
270447 400498
264576 408095
278868 421183
271508 422121
267639 421046
263513 426747
254895 426215
250179 413751
245589 398624
254637 396083
258587 378129
274309 369357
287882 373798
300439 362916
316428 383248
324135 388236
331350 386979
331835 383088
331396 372049
352022 373338
354343 361416
372668 369391
364733 375845
358941 388885
351424 383313
344257 398805
330928 408856
331480 410841
327954 417196
341338 417617
337216 426197
336938 441969
338318 447634
349905 458767
344558 472644
339308 477118
324779 465162
331519 481099
343612 495303
360469 491046
368657 495440
378181 495772
381000 497869
392760 494948
385123 481962
380178 479955
377208 474124
381005 471799
382806 470055
389645 466063
394008 461483
387899 456815
381457 455963
372842 449295
377287 439723
380883 435921
366134 436604
356684 423930
363847 421720
366901 412983
370542 420369
379767 419534
378650 394902
389579 400500
396299 393544
412855 390695
416726 407726
411339 421244
411718 422396
404790 421394
408942 436563
408207 441254
417748 431432
430297 428674
439681 423406
426303 436966
419928 443595
429394 453242
420553 456956
413130 455247
409501 452211
403038 456787
410709 464911
419756 474845
430508 481952
430253 482968
433220 490993
442658 481913
446210 496370
450679 487698
463326 476820
471164 486095
476179 498998
489336 498577
479468 487054
472817 476634
483055 467250
471536 464297
471102 459658
464347 453442
480546 453623
484305 451379
497956 454945
498607 426938
498561 426913
497619 409307
487447 413050
480339 416573
470445 406577
471483 398764
491702 392206
485038 386032
477754 371914
476048 370392
483126 372241
491671 370906
485848 361899
479353 357774
468164 357768
467958 373172
466040 375317
456309 374715
457595 389044
468211 387829
462067 397766
454328 402448
453110 411137
443898 400482
434873 386276
431228 381460
448898 383946
447140 376456
447692 368217
441577 351527
423775 351358
421764 343949
419711 343445
407057 343781
403759 338662
393209 333779
399180 352302
398286 354576
404914 367936
382277 352115
375198 347549
375517 327729
376394 319268
372073 314125
363713 301892
384086 296945
387333 275098
373521 283371
369221 281496
356146 276627
355127 277559
351016 284897
361543 287681
362797 292278
359240 293170
345358 300937
341584 301811
329515 294773
325034 301115
325789 315088
335770 321043
348122 322900
354599 339843
347953 349538
333642 357430
321224 346810
311011 352812
303887 340558
288255 349755
279842 342282
278739 334557
282799 325405
275195 329574
258667 333892
264022 342749
256709 349623
240961 346999
233203 360193
230457 373677
223182 374914
215667 382712
209505 387644
208895 390081
210631 414256
193548 412418
190314 394166
185337 390364
174021 394671
164106 377179
168301 380008
173513 380890
189052 378595
187261 373554
192151 368316
195019 368820
196794 359124
202293 357201
216824 351243
228239 347161
235831 341964
229339 323041
235611 304199
237803 299090
240174 294544
220612 297500
211677 297332
206219 305863
202131 320778
191478 314038
188296 309194
172253 342749
170152 326910
164401 322386
146029 320438
146552 305074
136219 300115
124622 287298
133256 280794
132420 275552
123276 267742
137056 263437
149440 246516
150450 232444
144943 211920
143629 196070
149314 202056
163615 209972
167822 201870
170991 199045
180244 191314
171001 176974
174105 178164
190007 170561
194393 177952
195440 173739
197723 166897
198301 158577
189628 156243
185499 151499
181328 154125
178199 151241
173642 154133
162116 162523
167721 137932
181304 146323
181919 139356
193889 133703
193504 133283
197439 125440
204838 116419
211592 125947
210109 138079
219738 136058
222679 132440
217982 129528
226512 121951
239238 120501
244826 135632
253157 131335
259681 142105
242963 158571
236954 165780
229802 158383
223417 161613
233609 171468
225721 177091
237722 188025
232292 191506
225749 189548
224209 195616
219297 185839
213335 196108
202161 208676
190437 212186
187680 212299
180014 211297
189075 236319
167428 260836
153271 279237
152052 284718
154711 296190
157600 300304
157105 289953
161526 287485
168710 290909
170130 291172
180295 288309
190431 277135
199663 273791
206927 273086
200249 262900
208173 254395
221284 258503
235929 251992
248170 261930
256066 255800
251800 231322
247378 239724
231595 238544
228002 228447
226309 227787
223255 214225
233736 221520
244071 223793
247385 217517
245159 209038
255693 202628
249625 189266
249340 175585
257031 166193
261101 170861
270657 190231
278859 192942
279519 208599
289897 214903
291908 226464
280433 236856
275157 237681
280153 258752
280908 272537
268107 274174
268116 275357
257650 276005
261625 281809
253030 285481
261377 297814
264725 307803
267205 307629
274076 310772
278403 307869
295435 291202
304346 286677
307140 284175
297658 279157
293863 269126
312455 260627
298210 245235
305164 234929
302993 216175
304884 197489
311147 192442
311744 191466
317172 187780
325954 199174
339399 198944
341160 201262
342568 203303
334962 208969
324454 212411
323891 222141
330815 224246
324957 240825
332390 243150
341197 244354
343989 248349
346303 258247
353920 260170
343035 242982
344662 238258
343702 236999
349074 227995
356099 231149
380112 255202
384679 254395
380496 236661
358648 209176
377979 214221
383068 215968
384301 207319
375168 202607
381962 194690
396758 191116
419503 190218
426986 198761
430080 200679
419210 205604
412794 213826
413645 220091
422663 220015
423508 224751
430306 227668
427415 228663
429023 241971
423118 242293
422007 236978
417411 237807
414717 250414
407828 256053
412929 255042
429611 264108
433161 271285
440256 270683
438244 279103
427915 280543
417026 287335
412350 319406
425275 304437
427326 296605
436589 289306
450049 302642
458524 299809
460965 296592
462179 305100
455416 319246
478078 319238
483499 308345
491576 312714
492426 305917
489472 294317
492129 292788
486054 283009
487751 265690
491599 250199
492659 248764
495788 245165
487881 236604
480975 239508
473146 246825
464241 243807
452574 244618
452684 214191
457809 213576
469380 209055
480412 223787
489154 220725
496420 211053
497052 198457
494332 190657
499838 187811
492570 183818
486388 193820
479276 191162
480965 196320
478831 196623
466549 197856
462208 191615
441348 192144
437909 186363
418298 168209
425585 157432
429519 161005
440408 162488
467058 151956
477975 150449
492263 139143
491064 138431
475888 118565
476769 114422
468776 110622
472931 109109
498922 103223
495820 102335
474918 97844
465336 73249
475047 65734
460162 57820
474508 53593
483316 46591
491672 41306
497682 26716
467021 37960
448929 26040
440251 24342
435231 27654
416885 32900
416150 41317
413870 46341
423929 56694
426684 61017
430028 84697
441270 80735
444302 98348
436491 116736
442990 117915
438414 136301
415860 133769
393194 125368
391680 125143
389080 131869
382246 135119
379375 142460
389141 155925
387101 163266
390164 163056
368381 163803
365781 175408
341228 172327
344608 166369
348097 161084
351549 157916
353616 145034
352186 143658
339028 134418
354437 129880
372877 123522
380594 123866
380798 114371
380593 111087
388309 112310
397189 104460
388063 107442
388507 105332
387518 104133
372170 86841
376102 88039
386589 81561
386555 84725
386324 89996
393567 89875
405073 88425
414099 84098
401390 76815
409126 61052
400257 68375
396079 66017
384212 64442
378272 60866
384439 50055
384910 35228
375862 37131
368525 45181
361220 43339
359280 37541
346494 33153
345307 27911
343980 27447
330323 21708
322501 26742
320211 33527
317009 28547
327949 44170
333830 46771
339986 57970
352761 74626
352762 76628
356901 97910
354440 105724
337200 106863
324994 98877
325665 94376
329493 96653
333329 92069
338663 89004
336259 81359
319278 83976
306088 100383
308137 105329
321870 105183
320997 108371
320268 114527
314483 121572
308637 125581
308033 128947
321264 132141
321152 133718
315587 140979
319266 153035
320805 167824
314143 177873
296340 182568
290162 175637
305282 165542
304144 158726
301212 160983
284546 147522
274546 131196
269416 129061
257754 114484
266691 115639
284768 118518
279203 102257
277344 102099
276142 92862
269671 84104
266886 60754
275328 67627
283500 76382
293184 75335
301824 65678
312479 76219
312361 68770
314873 48902
300759 49434
296463 54343
294214 42755
283039 39273
284031 52433
280204 57780
277242 52347
265410 40000
263718 38751
241108 38661
242905 57728
245336 86200
240770 97746
231823 102973
231114 105505
229432 83735
216472 75790
208739 90437
196999 95887
193426 104861
189992 107864
190562 114451
178643 104500
167010 103493
169969 109666
165763 117575
159070 116380
150550 120526
146701 136237
129340 132005
126865 134174
128043 143146
128760 145491
144613 151703
149160 163919
146150 161462
140622 160548
134698 168448
133176 165620
138237 173818
143008 178650
134442 179590
116165 171695
101522 177319
94277 185667
88382 188457
86730 194995
84618 193644
78517 186939
65542 195489
63767 193809
55276 184690
41384 183560
36936 181514
52336 173044
62373 171930
67703 176242
68457 180203
68418 180507
70413 174698
84672 174720
96133 158602
83804 145773
92211 138617
106459 146596
113167 128637
102813 126281
112391 114403
122625 111626
125642 96452
121050 97024
118011 100500
108766 93452
96157 100656
81639 85851
79441 103170
73684 106653
71092 106999
78747 126344
67976 134645
56743 126980
48604 135801
51155 151953
35801 158892
34647 158236
30819 148372
29604 142817
23890 136061
28936 135212
11424 131671
9375 138043
1084 141429
8814 155576
-2615 171701
4377 178487
12857 180066
10897 187013
5348 196484
26380 206410
23113 217135
24110 217991
18702 223813
17817 225880
22456 233448
35949 237334
47060 238293
39785 242550
20295 260987
20068 262063
10685 258097
281 277629
14460 276450
24504 279721
20659 282614
13310 290218
29229 291608
34866 287725
33149 279274
43050 282306
46089 264744
63701 257177
63382 264632
62254 270039
74167 270890
80042 273865
78187 259227
83092 253671
86403 240530
83809 234718
91292 230359
79269 215944
96231 223317
118713 236086
114785 239750
94207 245019
96891 249552
96599 254750
102065 264198
96053 265259
89571 278866
91783 283647
100212 281212
96322 292417
85112 305622
82461 298764
76503 301460
71226 290130
67326 295187
71667 304390
75484 316739
75547 333957
70079 332802
66023 344314
48631 351025
49084 320192
42152 316530
32274 311236
33883 309351
33557 302167
29084 308368
19412 306816
5842 314822
7983 320687
9866 319753
12707 323279
17353 321252
8561 332618
-2151 341720
-13803 350821
-15008 367973
-24543 358511
-31190 361872
-35328 358114
-47450 380223
-43773 387335
-45488 390984
-49116 397531
-58623 388114
-59298 381779
-70537 391692
-73647 392272
-75867 373578
-84587 378975
-89358 389619
-107888 398760
-118537 384453
-117374 378896
-119851 372023
-118454 370843
-122203 367603
-122653 365232
-125389 353972
-117555 347534
-106879 342589
-88121 356421
-79613 367077
-65233 356607
-63448 344016
-45100 326571
-30781 337344
-25435 337037
-20742 332066
-14944 331358
-10932 331564
-10624 327091
-16903 325689
-25506 325515
-26587 316179
-15816 308556
-37088 299025
-40221 290520
-43302 291744
-44447 292000
-64444 302656
-71001 305375
-72537 306616
-70322 314344
-76917 311468
-70032 321897
-73447 330918
-72323 329002
-90915 323508
-94728 315513
-85013 300586
-72509 293292
-75342 283232
-81300 271756
-67906 273999
-66370 257224
-60745 253674
-43189 258270
-44642 276105
-28340 278507
-27770 271089
-30348 261683
-37260 239373
-39842 231113
-37278 219527
-34215 214974
-18505 221446
-22725 222649
-27812 230344
-19103 233777
-23604 237913
-21178 250159
-17712 257457
-11877 251352
-2249 245730
-458 246755
2561 239402
-9915 226626
-1158 212248
-15366 199726
-18586 197764
-23285 200160
-21244 179363
-18302 179049
-17116 179853
-25921 169836
-26388 166617
-23615 163965
-8662 154958
-18461 145417
-30215 148459
-42515 138145
-46885 147248
-49613 159379
-46929 172760
-53033 175269
-55808 174092
-71500 158866
-83109 151334
-105169 154785
-126016 139647
-134135 130145
-141566 133799
-129360 122135
-125522 119610
-117001 122301
-119005 111276
-128994 105456
-132649 98882
-133086 90567
-139507 100308
-143591 118356
-150507 124830
-150908 132736
-149959 133400
-167804 145163
-148364 159897
-140001 156639
-138947 163332
-151095 171660
-157298 175270
-164715 172016
-171386 175201
-167611 175705
-159010 186185
-161910 190912
-179666 189343
-186520 177617
-187405 171291
-198140 189932
-191565 203989
-191941 211323
-185543 213755
-173799 234884
-172862 238332
-157292 228172
-144793 225492
-138142 207530
-128947 193426
-115176 192853
-110402 188515
-113368 187548
-112141 182490
-107945 177081
-88007 183092
-71815 204361
-66831 190274
-57837 195108
-48919 194706
-51676 199649
-55599 205051
-48978 216716
-64601 225365
-70057 219051
-79113 219671
-85337 213090
-99411 210641
-105959 205199
-116610 204757
-122495 217478
-123702 225135
-119438 226191
-114113 244510
-106229 246635
-109151 249808
-99614 252213
-101211 260134
-123210 259210
-127650 266203
-151684 262671
-159458 255150
-160682 258027
-170382 258207
-177126 265099
-178488 255028
-184603 256757
-192772 236180
-208676 236255
-223855 241954
-230759 240106
-231917 237027
-230674 220187
-234124 213107
-234408 209121
-225161 204152
-224505 205678
-208676 206733
-211110 200121
-215324 186660
-220460 190546
-224290 196526
-238900 193438
-243289 179019
-252479 172480
-256527 172424
-245047 161944
-241222 156536
-238503 148033
-229407 132856
-234103 154689
-223142 162644
-213348 152079
-212783 142489
-207052 135267
-190581 132744
-201147 126136
-192394 116858
-187707 111284
-173299 111662
-169934 103599
-165523 102486
-162714 104767
-158691 106134
-157225 99414
-162014 93939
-155099 95503
-152361 91417
-151161 89804
-146021 76510
-146781 64636
-146576 61000
-141778 59894
-133253 55949
-140832 52656
-152438 45280
-153251 37705
-154820 35119
-158193 32527
-161352 36345
-173961 47408
-185860 61738
-186297 64750
-168899 63172
-159037 65880
-161717 69972
-172411 75303
-176398 85340
-187866 90278
-193127 80124
-205451 94576
-216982 79682
-222573 70490
-228698 68007
-223917 64095
-225551 56403
-213436 68229
-208824 52100
-203353 43782
-210308 38949
-229493 29102
-227889 25292
-214834 31088
-203770 28201
-201948 24520
-187996 11865
-188959 5269
-188878 4960
-177277 5452
-178407 18057
-180327 20911
-180603 24035
-170236 24439
-159794 16549
-159991 2846
-150281 -7649
-159086 -24013
-156517 -25844
-165181 -28516
-168926 -27755
-163266 -33640
-157660 -31683
-159448 -45420
-167759 -49999
-184284 -51957
-198450 -46342
-191437 -36710
-184316 -37054
-183626 -22065
-189122 -20458
-192215 -7667
-193758 -6540
-202049 -18602
-210817 -17432
-215863 -22677
-219493 -27439
-208737 -34008
-218779 -44695
-204355 -56132
-196369 -59645
-199193 -72218
-210202 -81375
-213655 -78170
-218498 -77308
-213232 -67443
-219848 -66721
-221758 -63442
-231644 -63240
-244445 -51132
-245863 -40025
-257278 -33518
-273251 -37476
-257441 -44805
-252030 -56659
-258859 -58992
-282352 -72583
-292726 -88896
-281692 -103046
-265221 -103117
-258410 -89728
-262075 -87672
-256370 -87812
-249452 -89852
-248680 -89268
-238394 -85462
-241583 -103824
-245612 -103238
-257872 -115824
-270490 -117818
-275922 -125404
-265619 -129783
-259760 -134746
-255116 -140547
-255373 -145110
-253864 -142308
-243255 -125973
-237737 -136326
-243115 -145756
-241571 -149951
-243178 -150879
-239516 -168916
-223445 -152377
-211593 -152775
-195038 -151665
-199573 -166981
-202201 -174019
-207827 -166462
-210552 -177798
-217807 -184023
-228431 -190736
-229910 -190039
-240887 -195732
-242299 -193182
-238582 -187179
-250637 -186329
-253756 -196700
-260309 -206663
-261031 -209015
-244716 -222622
-231566 -203637
-227331 -210916
-224048 -218901
-228236 -227109
-215397 -237221
-213475 -236880
-223242 -251291
-196141 -263196
-183738 -252495
-176383 -268624
-179133 -279211
-184435 -276982
-178245 -292127
-163463 -289930
-147561 -310224
-140952 -305799
-140285 -316715
-138829 -319773
-138898 -317301
-132831 -309395
-115679 -317530
-92424 -307698
-102867 -301680
-106760 -288420
-103453 -276578
-117789 -275855
-129617 -266637
-125737 -246217
-121142 -245328
-137697 -239509
-138694 -226804
-139327 -226465
-128078 -221347
-122859 -225754
-109462 -223771
-114606 -218572
-122066 -209888
-122839 -206333
-132392 -202745
-142695 -204158
-135094 -210806
-138795 -212450
-148506 -223465
-152880 -221575
-151216 -236234
-158427 -237305
-179010 -233019
-182826 -223135
-188242 -214701
-202057 -220647
-209704 -205899
-217347 -198172
-205937 -193377
-187162 -185427
-171137 -196733
-163448 -206065
-161596 -205203
-161262 -197894
-161665 -185432
-161574 -168021
-174868 -159614
-168474 -144607
-184607 -129474
-193237 -132616
-197498 -128567
-204087 -133271
-220260 -123092
-203544 -118996
-204618 -107646
-182295 -109992
-177357 -108053
-183251 -94120
-181704 -90400
-179141 -76865
-178790 -68714
-156879 -75528
-161836 -87441
-156343 -102731
-164351 -113823
-167285 -123554
-166541 -130429
-160869 -127612
-152530 -122102
-143206 -119710
-142121 -127490
-139230 -128226
-139908 -136826
-148644 -143578
-147529 -147224
-143312 -154988
-140898 -160527
-137586 -154490
-135742 -153048
-116480 -153648
-115453 -150408
-117051 -145397
-107896 -146454
-102825 -151096
-88210 -151123
-93226 -161951
-89029 -164608
-105031 -172928
-111882 -174632
-107639 -199129
-88449 -186805
-73228 -174415
-71842 -185659
-63311 -190674
-69303 -202449
-57728 -201355
-54036 -210619
-72085 -213250
-79346 -218654
-63065 -222989
-70133 -231134
-72934 -243698
-88537 -257114
-85409 -267748
-84150 -284253
-82711 -284175
-76684 -283621
-61624 -271558
-42127 -264230
-41156 -259691
-43616 -257407
-49324 -257576
-53285 -249822
-50026 -248146
-53215 -237813
-61083 -239363
-53328 -230355
-50345 -234557
-38780 -230844
-32092 -240698
-28378 -245296
-2600 -263685
624 -261165
4841 -263310
18132 -245800
17265 -243404
16065 -242192
11557 -237446
1828 -242028
-891 -236721
-5181 -236213
8090 -221754
9936 -216239
-478 -211697
-7865 -223223
-12202 -220806
-14579 -223081
-17196 -211969
-33537 -222255
-29933 -215151
-30078 -198494
-28033 -190785
-38790 -182051
-40504 -169634
-53935 -172449
-52988 -166692
-46534 -159488
-41856 -153614
-36533 -147883
-46963 -147467
-59986 -142477
-51021 -133397
-44073 -128192
-40554 -126174
-50243 -126586
-63940 -126098
-84762 -118940
-98052 -122582
-111646 -123650
-117217 -102371
-125818 -88839
-120353 -71675
-142284 -67582
-143532 -52461
-150121 -45904
-141094 -41666
-131793 -26324
-133734 -22079
-130049 -21472
-127016 -30142
-124610 -34162
-115512 -31986
-103330 -5722
-97430 -3501
-104170 8844
-117017 10141
-120455 14210
-125935 13618
-113918 17781
-101668 18337
-104746 38022
-96020 35144
-77585 32579
-70436 21884
-83972 14855
-82087 6825
-68220 931
-58884 -888
-58397 4777
-55260 11831
-51663 28892
-46928 24690
-40534 17663
-28800 3081
-23940 -639
-29528 -5813
-31123 -16642
-37182 -9518
-49726 -16600
-62811 -22473
-63827 -28409
-69692 -22232
-77250 -13141
-79213 -12365
-77304 -20425
-80413 -30306
-83514 -36714
-67647 -44360
-62267 -45058
-78372 -50690
-73660 -58797
-82448 -62970
-91108 -65583
-97102 -60610
-96387 -67412
-103153 -69300
-104717 -83027
-97266 -72219
-94209 -71833
-89290 -72015
-82383 -79710
-74349 -88757
-79894 -87387
-89000 -91471
-91735 -103008
-85975 -98873
-82181 -100659
-69504 -100997
-57031 -94478
-63066 -87886
-57045 -85742
-60373 -80338
-56607 -69090
-62364 -57648
-62135 -56262
-58090 -59353
-44107 -63930
-39003 -72352
-31521 -75370
-29245 -69551
-25717 -55755
-25115 -47277
-41060 -38422
-45049 -40068
-39922 -29478
-28622 -29920
-13036 -22299
-2865 -25955
-4818 -35477
-14489 -38483
-5360 -43289
9697 -42106
23548 -46481
25745 -35322
17958 -24974
10389 -17142
17501 -9943
18953 -9406
14248 -1297
